$ 1 0.00009999999999999999 5.692113234615338 50 5 50 5e-11
213 112 96 176 96 0 2 (a-b)
w 112 96 64 96 0
c 64 96 64 224 4 5 6.320373999226878 7.4 0
r 64 256 192 256 0 50
g 224 288 224 320 0 0
w 112 208 208 240 0
R 208 128 368 96 4 5 0.000185 0.81 0 0 0.66667
w 208 96 208 64 0
w 208 64 368 64 0
w 192 256 192 288 0
w 192 288 224 288 0
w 64 256 32 256 0
w 32 256 32 112 0
w 32 112 64 96 0
w 64 224 64 320 0
w 64 320 176 320 0
w 176 320 224 288 0
w 368 64 368 96 0
w 368 96 368 112 0
w 368 112 224 288 0
w 112 128 112 208 0
w 208 240 224 240 0
w 224 240 224 288 0
w 112 96 112 48 0
w 112 48 96 48 0
s 96 48 64 48 0 0 false
r 64 48 16 48 0 200
w 16 48 16 368 0
w 16 368 256 368 0
w 256 368 256 304 0
w 256 304 224 288 0
w 112 96 144 32 0
w 144 32 176 32 0
s 176 32 208 32 0 1 false
r 208 32 432 32 0 150
w 432 32 432 288 0
w 432 288 224 288 0
w 112 96 128 0 0
w 128 0 192 0 0
s 192 0 240 0 0 0 false
r 240 0 496 0 0 100
w 496 0 496 320 0
w 496 320 272 304 0
w 224 288 272 304 0
o 8 64 0 4103 0.0000762939453125 6.4 0 2 8 3
o 2 64 0 4103 5 0.2 0 2 2 3
o 3 64 0 4103 5 0.1 0 2 3 3
o 19 64 0 4103 0.0000762939453125 6.4 0 2 19 3
o 41 64 0 4103 0.0000762939453125 0.05 0 2 41 3
o 35 64 0 4103 0.0000762939453125 0.00009765625 0 2 35 3
o 27 64 0 4103 0.0000762939453125 0.025 0 2 27 3
o 3 64 0 4103 5 0.1 0 2 3 3
